% # columns="iteration, evaluation, sigma, axis ratio, bestever, best, median, worst objective function value, further objective values of best", seed=1015330, Fri Dec 29 16:41:19 2023, <python>{}</python>
1 10 2.7040368511116992 1.0000450010125153 43792.666666666664 4.3792666666666664e+04 49574.666666666664 49804.0   
2 20 2.4858837412503663 1.123516139851358 43284.0 4.3284000000000000e+04 49622.0 49757.333333333336   
3 30 2.303825664044115 1.1946670038993594 43284.0 4.3892000000000000e+04 49626.0 49856.666666666664   
4 40 2.1964489635263993 1.2559485709776645 43284.0 4.3538666666666664e+04 49682.666666666664 49838.666666666664   
5 50 2.2950777472507564 1.3675792078915532 42778.666666666664 4.2778666666666664e+04 49595.333333333336 49763.333333333336   
6 60 2.4099118140841234 1.5067873354298895 42778.666666666664 4.2813333333333336e+04 49554.666666666664 49816.666666666664   
7 70 2.3387803000147036 1.5388448419426668 42778.666666666664 4.8326666666666664e+04 49640.0 49750.0   
8 80 2.11935594542473 1.597056586318885 42778.666666666664 4.7241333333333336e+04 49624.666666666664 49802.666666666664   
9 90 2.1017471706801376 1.670188006010985 42778.666666666664 4.4328666666666664e+04 49659.333333333336 49859.333333333336   
10 100 2.3678093629377983 1.6981975765235975 42778.666666666664 4.5068666666666664e+04 49467.333333333336 49718.666666666664   
11 110 2.338559501176625 1.806682190223098 41768.666666666664 4.1768666666666664e+04 49568.666666666664 49859.333333333336   
12 120 2.3277083092916397 1.878874454129929 41768.666666666664 4.3769333333333336e+04 49664.666666666664 49872.0   
13 130 2.5075046320541663 2.063873719295686 41768.666666666664 4.3679333333333336e+04 49254.666666666664 49880.666666666664   
14 140 3.05077167392364 2.0567024187453637 41768.666666666664 4.7536666666666664e+04 49440.666666666664 49752.666666666664   
15 150 3.3221339295860615 1.990882493966985 41768.666666666664 4.5092000000000000e+04 47513.333333333336 49767.333333333336   
16 160 3.4019227620704378 2.0018252237021446 41768.666666666664 4.6308000000000000e+04 49722.0 49854.0   
17 170 3.276925643887204 1.9975574294329297 41559.333333333336 4.1559333333333336e+04 49488.0 49740.666666666664   
18 180 3.1519117014898157 2.071101501640691 41559.333333333336 4.3832666666666664e+04 49700.666666666664 49854.666666666664   
19 190 3.0464820922540135 2.057898444420682 41559.333333333336 4.3670000000000000e+04 46670.666666666664 49686.666666666664   
20 200 2.8679279960567805 2.0571228058080924 41559.333333333336 4.6439333333333336e+04 49420.0 49740.0   
21 210 2.830115205604832 2.0498703509301373 41559.333333333336 4.3747333333333336e+04 49154.0 49782.0   
22 220 2.740941168743464 2.13399827545923 41559.333333333336 4.2985333333333336e+04 49654.666666666664 49792.0   
23 230 2.630950446179193 2.1341666427984674 41559.333333333336 4.5936000000000000e+04 49460.666666666664 49625.333333333336   
24 240 2.5741479985783977 2.1461353837376898 41559.333333333336 4.5042666666666664e+04 49693.333333333336 49761.333333333336   
25 250 2.4569308548032534 2.1777082548827025 41403.333333333336 4.1403333333333336e+04 49410.0 49712.0   
26 260 2.282854423160988 2.2205227804754237 41403.333333333336 4.2747333333333336e+04 49623.333333333336 49780.666666666664   
27 270 1.9627114700373214 2.2599096043466176 41403.333333333336 4.4944000000000000e+04 49434.0 49663.333333333336   
28 280 1.7802417316574322 2.2832501602189854 41403.333333333336 4.1762666666666664e+04 49423.333333333336 49634.0   
29 290 1.6780682667421274 2.20835597591138 41403.333333333336 4.3517333333333336e+04 45453.333333333336 49629.333333333336   
30 300 1.582524074807847 2.1767408457748734 41403.333333333336 4.2531333333333336e+04 45301.333333333336 48785.333333333336   
31 310 1.7726447529915228 2.1152086995097026 41403.333333333336 4.3877333333333336e+04 45624.666666666664 49734.0   
32 320 1.8014165259618018 2.150935284461344 41403.333333333336 4.2797333333333336e+04 45322.0 49910.666666666664   
33 330 1.7240212320143504 2.1579061565850073 41403.333333333336 4.2362666666666664e+04 45391.333333333336 49830.666666666664   
34 340 1.7976807602993492 2.2360385719038693 41403.333333333336 4.2588000000000000e+04 45079.333333333336 49808.666666666664   
35 350 1.9044465466341471 2.3312984435282433 41403.333333333336 4.2744666666666664e+04 47151.333333333336 49856.0   
36 360 1.8974623889229738 2.4279569599955986 41403.333333333336 4.3882000000000000e+04 49455.333333333336 49831.333333333336   
37 370 1.949673900118336 2.4827301090111433 41403.333333333336 4.2808000000000000e+04 46468.666666666664 49782.666666666664   
38 380 2.0344268716548086 2.4820749038142553 41403.333333333336 4.3044666666666664e+04 44760.0 49900.666666666664   
39 390 2.0133627164493397 2.5829215514073938 41403.333333333336 4.2884666666666664e+04 46298.0 49900.0   
40 400 1.9892610317048323 2.6162876698707263 41403.333333333336 4.2158666666666664e+04 44465.333333333336 49816.0   
41 410 1.7928058558365751 2.6887995920008407 41403.333333333336 4.3048666666666664e+04 44984.0 49703.333333333336   
42 420 1.7000631516368463 2.7865886699253855 41403.333333333336 4.2858000000000000e+04 45066.0 49838.666666666664   
43 430 1.6616922211869876 2.8045120515349384 41403.333333333336 4.2238000000000000e+04 44482.666666666664 49752.666666666664   
44 440 1.7352441616124135 2.906796396762724 41403.333333333336 4.3040000000000000e+04 45229.333333333336 49446.666666666664   
45 450 1.7036290457490169 2.90766366143887 41403.333333333336 4.2618000000000000e+04 45399.333333333336 49812.666666666664   
46 460 1.6760756290855041 3.0314978468515563 41403.333333333336 4.2902000000000000e+04 45210.0 49586.0   
47 470 1.754961654320978 3.032157938022152 41403.333333333336 4.3796000000000000e+04 44342.0 49848.666666666664   
48 480 1.7007373253360172 2.9864537484221545 41403.333333333336 4.4246000000000000e+04 46471.333333333336 49867.333333333336   
49 490 1.5545600133123263 2.9217742213438713 41403.333333333336 4.3720000000000000e+04 45925.333333333336 49898.0   
50 500 1.4516846162667387 2.9608860405777815 41403.333333333336 4.3038000000000000e+04 45066.0 49720.0   
51 510 1.2895251051885157 2.9724026326582447 41093.333333333336 4.1093333333333336e+04 44975.333333333336 49878.0   
52 520 1.2158261061620976 3.0673759404786143 41093.333333333336 4.2960000000000000e+04 44153.333333333336 49794.0   
53 530 1.2374638228044033 3.204731139363241 41093.333333333336 4.1906666666666664e+04 44847.333333333336 49557.333333333336   
54 540 1.219358583105676 3.2210306575196714 41093.333333333336 4.1876666666666664e+04 43893.333333333336 46418.0   
55 550 1.2295610608352046 3.5880554243206646 41093.333333333336 4.2264666666666664e+04 45674.666666666664 49880.666666666664   
56 560 1.1870389938718722 3.6882758490181313 41093.333333333336 4.2350666666666664e+04 45572.666666666664 49685.333333333336   
57 570 1.0823370467346987 3.6286905636450535 41093.333333333336 4.2644666666666664e+04 44815.333333333336 46448.666666666664   
58 580 1.0294605822069112 3.614809708865673 40766.666666666664 4.0766666666666664e+04 44778.0 49904.0   
59 590 1.0258265912830389 3.7453071649808987 40766.666666666664 4.2425333333333336e+04 44495.333333333336 49904.0   
60 600 1.0185153423075444 3.6795319791737557 40766.666666666664 4.3433333333333336e+04 45036.666666666664 47145.333333333336   
61 610 1.0397141183683902 3.8464670914314367 40766.666666666664 4.2377333333333336e+04 44782.0 45634.666666666664   
62 620 1.0567198669421871 4.008098000265053 40766.666666666664 4.1847333333333336e+04 44134.0 46142.666666666664   
63 630 1.0075478295911038 4.06426739631903 40766.666666666664 4.3325333333333336e+04 45273.333333333336 49544.666666666664   
64 640 0.9118263158992436 4.01427940744003 40766.666666666664 4.2144000000000000e+04 45066.666666666664 49861.333333333336   
65 650 0.903592097585164 4.121929391674074 40766.666666666664 4.2391333333333336e+04 44968.666666666664 49881.333333333336   
66 660 0.8630425838120277 4.272378999563361 40766.666666666664 4.3032666666666664e+04 44557.333333333336 49702.666666666664   
67 670 0.82607649520689 4.221889879220324 40766.666666666664 4.2186000000000000e+04 44904.666666666664 49659.333333333336   
68 680 0.8301234533845158 4.287458721957247 40766.666666666664 4.3408666666666664e+04 44408.0 46523.333333333336   
69 690 0.8848778363582187 4.189233060895574 40766.666666666664 4.1506666666666664e+04 44491.333333333336 49655.333333333336   
70 700 0.8325897500209721 4.108227506956312 40766.666666666664 4.1678666666666664e+04 44314.666666666664 47430.0   
71 710 0.7644347557508342 4.246706669732369 40766.666666666664 4.2439333333333336e+04 44758.666666666664 49124.666666666664   
72 720 0.7332765257991661 4.251400538800255 40766.666666666664 4.2442000000000000e+04 45894.666666666664 49339.333333333336   
73 730 0.7243931377004269 4.381745716600452 40766.666666666664 4.2231333333333336e+04 44899.333333333336 46202.666666666664   
74 740 0.6883332020186521 4.493547096068047 40766.666666666664 4.3242666666666664e+04 44361.333333333336 45467.333333333336   
75 750 0.6721282442995143 4.433247311891121 40766.666666666664 4.3100666666666664e+04 44941.333333333336 46624.666666666664   
76 760 0.6151419988962253 4.429252879959 40766.666666666664 4.2697333333333336e+04 44836.0 45609.333333333336   
77 770 0.5970212977826027 4.522318809565331 40766.666666666664 4.3570000000000000e+04 45115.333333333336 47192.666666666664   
78 780 0.63291853666496 4.6572004793594 40766.666666666664 4.1298666666666664e+04 45260.666666666664 46307.333333333336   
79 790 0.6234279796302653 5.068809855535933 40766.666666666664 4.2635333333333336e+04 45338.666666666664 45720.666666666664   
80 800 0.64365747334306 5.085037324882747 40766.666666666664 4.3699333333333336e+04 45576.0 47329.333333333336   
81 810 0.6155048117314074 5.080905662006116 40766.666666666664 4.3755333333333336e+04 45053.333333333336 46974.0   
82 820 0.6211777777601951 5.282917784765859 40766.666666666664 4.3042000000000000e+04 44942.0 46698.0   
83 830 0.5785240849507644 5.116299125741118 40766.666666666664 4.2810000000000000e+04 45184.0 46551.333333333336   
84 840 0.5337532806827922 5.194759162558099 40766.666666666664 4.2485333333333336e+04 43812.0 46590.0   
85 850 0.48345225059017444 5.036892707449922 40766.666666666664 4.2916666666666664e+04 45020.0 48907.333333333336   
86 860 0.446276860643997 5.195405370373237 40766.666666666664 4.2348666666666664e+04 43720.666666666664 45712.0   
87 870 0.44121086405624943 5.350631663757647 40766.666666666664 4.2949333333333336e+04 45606.0 45948.0   
88 880 0.4528039389467857 5.494213199631591 40766.666666666664 4.1936666666666664e+04 44478.666666666664 45778.0   
89 890 0.4526893437957591 5.473145653824131 40766.666666666664 4.2190000000000000e+04 45035.333333333336 46750.0   
90 900 0.45372838033476914 5.522373590163259 40766.666666666664 4.3574000000000000e+04 44408.666666666664 47116.666666666664   
91 910 0.4675059255794253 5.596413451090439 40228.666666666664 4.0228666666666664e+04 43774.0 45664.666666666664   
92 920 0.48893572468692126 5.479765415528609 40228.666666666664 4.2340666666666664e+04 44894.0 45646.666666666664   
93 930 0.4822502531105125 5.345214228393702 40228.666666666664 4.2613333333333336e+04 43807.333333333336 46495.333333333336   
94 940 0.46181923892984317 5.249883996927323 40228.666666666664 4.3178000000000000e+04 44494.666666666664 45635.333333333336   
95 950 0.4383418587456548 5.151978488736954 40228.666666666664 4.3258000000000000e+04 44643.333333333336 47406.666666666664   
96 960 0.41332661996104614 4.977784003423599 40228.666666666664 4.3576666666666664e+04 44240.0 44781.333333333336   
97 970 0.41667985297488913 4.878765637225368 40228.666666666664 4.4030000000000000e+04 45252.666666666664 47128.666666666664   
98 980 0.432868836854101 4.912297368989085 40228.666666666664 4.3571333333333336e+04 45218.666666666664 46385.333333333336   
99 990 0.40437688985889153 5.00233149894608 40228.666666666664 4.2969333333333336e+04 44076.0 46566.0   
100 1000 0.3858246570726591 4.854056451733849 40228.666666666664 4.2928000000000000e+04 44356.666666666664 47125.333333333336   
101 1010 0.39303385126105717 4.706742079436295 40228.666666666664 4.2450000000000000e+04 45112.666666666664 45972.0   
102 1020 0.3784126286919393 4.8116642414973265 40228.666666666664 4.3362666666666664e+04 45257.333333333336 46500.0   
103 1030 0.3856259044021925 4.814232152889623 38870.666666666664 3.8870666666666664e+04 45142.666666666664 46462.0   
104 1040 0.3519700512843551 5.025773819780549 38870.666666666664 4.3420000000000000e+04 44881.333333333336 46426.666666666664   
105 1050 0.3296663115186263 5.120954621316905 38870.666666666664 4.2090666666666664e+04 44099.333333333336 45676.666666666664   
106 1060 0.30081651813071925 5.197615288893928 38870.666666666664 4.2706666666666664e+04 45080.0 46236.0   
107 1070 0.2746630908318449 5.348317796650754 38870.666666666664 4.2672666666666664e+04 43730.0 45640.0   
108 1080 0.2745859726064821 5.507776038044048 38870.666666666664 4.2932000000000000e+04 45014.666666666664 45911.333333333336   
109 1090 0.29133058458094047 5.324451897888314 38870.666666666664 4.2772666666666664e+04 45008.666666666664 45752.666666666664   
110 1100 0.27429573182926087 5.479216587820126 38870.666666666664 4.2546666666666664e+04 44388.666666666664 45674.0   
111 1110 0.27267600505821177 5.2693918688256804 38870.666666666664 4.3437333333333336e+04 44431.333333333336 47070.0   
112 1120 0.2873169127383724 5.264133406481487 38870.666666666664 4.2449333333333336e+04 44506.666666666664 45894.0   
113 1130 0.28430684956944013 5.297896065240632 38870.666666666664 4.2803333333333336e+04 44543.333333333336 45939.333333333336   
114 1140 0.27278640938724247 5.487121703287735 38870.666666666664 4.3407333333333336e+04 44858.666666666664 46506.666666666664   
115 1150 0.2911753220773989 5.562171070064555 38870.666666666664 4.1095333333333336e+04 45400.666666666664 46466.0   
116 1160 0.30576464154264155 5.740385135166863 38870.666666666664 4.2367333333333336e+04 44174.0 46471.333333333336   
117 1170 0.30302459919211405 5.775116684011462 38870.666666666664 4.3006666666666664e+04 44285.333333333336 45780.666666666664   
118 1180 0.2932094423223273 5.812848129097804 38870.666666666664 4.2769333333333336e+04 44112.0 47191.333333333336   
119 1190 0.2718782542560481 5.7118190701782545 38870.666666666664 4.2418000000000000e+04 44454.0 46660.666666666664   
120 1200 0.259246797720139 5.568224648251652 38870.666666666664 4.2590666666666664e+04 44956.666666666664 46526.666666666664   
121 1210 0.2458924923568399 5.604121248791939 38870.666666666664 4.3589333333333336e+04 44752.666666666664 46488.666666666664   
122 1220 0.25592537379351193 5.550048414206419 38870.666666666664 4.2829333333333336e+04 44767.333333333336 47018.0   
123 1230 0.2608935122805875 5.624123837948807 38870.666666666664 4.1528666666666664e+04 44902.666666666664 45232.0   
124 1240 0.25903488204820185 5.846226175627904 38870.666666666664 4.2056666666666664e+04 44266.666666666664 46440.666666666664   
125 1250 0.24208304316494922 6.016550584996791 38870.666666666664 4.4376000000000000e+04 45852.0 47142.0   
126 1260 0.2412499025744248 6.033728006839121 38870.666666666664 4.2939333333333336e+04 44962.0 47009.333333333336   
127 1270 0.21984522786298477 5.972070609103914 38870.666666666664 4.2692666666666664e+04 44011.333333333336 46292.0   
128 1280 0.20241119280719688 6.096977467924428 38870.666666666664 4.2708000000000000e+04 45004.666666666664 45262.666666666664   
129 1290 0.194545073965252 6.431638001649492 38870.666666666664 4.3580000000000000e+04 44984.0 47150.666666666664   
130 1300 0.183419140963506 6.491882190905902 38870.666666666664 4.2992666666666664e+04 44418.666666666664 46658.666666666664   
131 1310 0.17656180747284408 6.480636126275067 38870.666666666664 4.3522000000000000e+04 44290.666666666664 47114.0   
132 1320 0.17424982978780848 6.497596002955455 38870.666666666664 4.2254000000000000e+04 43814.666666666664 46422.666666666664   
133 1330 0.1757476140077432 6.621389849231876 38870.666666666664 4.2342666666666664e+04 44811.333333333336 46011.333333333336   
134 1340 0.18152781650216843 6.580596200979912 38870.666666666664 4.0740666666666664e+04 43734.666666666664 45320.0   
135 1350 0.1841190667556585 6.791868177080986 38870.666666666664 4.2734000000000000e+04 44176.666666666664 46593.333333333336   
136 1360 0.1708140721570658 6.893958153822127 38870.666666666664 4.2169333333333336e+04 44519.333333333336 46456.666666666664   
137 1370 0.16017529901477714 6.7936331278625826 38870.666666666664 4.0750666666666664e+04 45381.333333333336 46476.0   
138 1380 0.1424698223574795 6.86430104706448 38870.666666666664 4.1465333333333336e+04 45238.666666666664 47414.666666666664   
139 1390 0.13082942298763098 7.181126838894169 38870.666666666664 4.4126000000000000e+04 45409.333333333336 46286.0   
140 1400 0.1299879037275231 7.132284495525717 38870.666666666664 4.2656000000000000e+04 44766.0 46456.666666666664   
141 1410 0.13251946772987477 7.0924572104373445 38870.666666666664 4.2417333333333336e+04 45596.0 47161.333333333336   
142 1420 0.13896109681608634 7.3948468739467685 38870.666666666664 4.1702000000000000e+04 44929.333333333336 46466.0   
143 1430 0.1448366823716258 7.383447113730408 38870.666666666664 4.2928666666666664e+04 44751.333333333336 46104.666666666664   
144 1440 0.1613371775971917 7.780421017255705 38870.666666666664 4.3078000000000000e+04 44941.333333333336 46563.333333333336   
145 1450 0.1815750323760184 7.903779836873063 38870.666666666664 4.3135333333333336e+04 43856.666666666664 45916.0   
146 1460 0.19464141945779606 8.33875025774819 38870.666666666664 4.2854000000000000e+04 44598.666666666664 45855.333333333336   
147 1470 0.20335678249256053 8.382674872200765 38870.666666666664 4.3302000000000000e+04 45018.0 46450.666666666664   
148 1480 0.22259960798798084 8.092244233446436 38870.666666666664 4.2228000000000000e+04 44782.666666666664 46252.0   
149 1490 0.22374888266206291 8.182446419045693 38870.666666666664 4.2708000000000000e+04 44340.0 46490.666666666664   
150 1500 0.23246141677021648 8.203455190603082 38870.666666666664 4.3048666666666664e+04 44417.333333333336 46828.666666666664   
151 1510 0.22250968715820024 8.228844079455845 38870.666666666664 3.9040000000000000e+04 45082.0 46786.0   
152 1520 0.19921050552823202 8.078085776438392 38870.666666666664 4.3992666666666664e+04 44961.333333333336 47129.333333333336   
153 1530 0.19907670303552563 8.066290425852356 38870.666666666664 4.3198000000000000e+04 44365.333333333336 46638.0   
154 1540 0.1978944028866521 8.412438288196512 38870.666666666664 4.2564000000000000e+04 44564.0 46028.666666666664   
155 1550 0.22060199047675075 8.524594164028159 38870.666666666664 4.2449333333333336e+04 44112.666666666664 45654.666666666664   
156 1560 0.22324126592190668 8.69373992158663 38870.666666666664 4.2968000000000000e+04 44144.666666666664 45626.0   
157 1570 0.22146969499076863 8.514357680201877 38870.666666666664 4.2242000000000000e+04 44496.0 46552.666666666664   
158 1580 0.22795572609000314 8.550272467925307 38870.666666666664 4.1627333333333336e+04 44529.333333333336 45903.333333333336   
159 1590 0.24289296669725224 8.60020919206207 38870.666666666664 4.3038666666666664e+04 44149.333333333336 45910.666666666664   
160 1600 0.25538853809984174 8.669392939731322 38870.666666666664 4.3768000000000000e+04 44400.666666666664 46556.0   
161 1610 0.23972000136031565 8.752234884447299 38870.666666666664 4.3132666666666664e+04 45108.0 46482.0   
162 1620 0.233419934798411 8.93844961347841 38870.666666666664 4.3326000000000000e+04 44194.666666666664 47251.333333333336   
163 1630 0.2350088575676689 8.521328847968592 38870.666666666664 4.2150000000000000e+04 44476.0 44887.333333333336   
164 1640 0.24744074810125902 8.65845260044167 38870.666666666664 4.2089333333333336e+04 44184.0 46942.666666666664   
165 1650 0.268551328048629 8.578840644547602 38870.666666666664 4.1057333333333336e+04 44984.666666666664 47199.333333333336   
166 1660 0.2733762480732726 8.680601777077605 38870.666666666664 4.1756000000000000e+04 44784.666666666664 45762.0   
167 1670 0.2601570137703645 8.340974585005883 38870.666666666664 4.3592666666666664e+04 45568.0 45970.666666666664   
168 1680 0.2563782399365126 8.216310707815413 38870.666666666664 4.1172666666666664e+04 44876.666666666664 45610.0   
169 1690 0.2444108894489803 8.311078842600072 38870.666666666664 4.4090666666666664e+04 45010.0 47036.0   
170 1700 0.22566255309235558 8.230160901889192 38870.666666666664 4.3367333333333336e+04 44778.666666666664 47093.333333333336   
171 1710 0.22962390666992405 8.369725745071502 38870.666666666664 4.2862666666666664e+04 45040.666666666664 46018.666666666664   
172 1720 0.23862083768996464 8.469948410244955 38870.666666666664 4.2634000000000000e+04 45696.0 46638.666666666664   
173 1730 0.22495917026316412 8.283467509152315 38870.666666666664 4.1890000000000000e+04 44802.666666666664 45294.0   
174 1740 0.21478771668249413 8.308325484278223 38870.666666666664 4.2646666666666664e+04 45057.333333333336 46527.333333333336   
175 1750 0.20085103433915424 8.211335953838883 38870.666666666664 4.2237333333333336e+04 44042.0 46446.666666666664   
176 1760 0.18892316839370996 8.087190497321506 38870.666666666664 4.2856666666666664e+04 43886.0 45632.666666666664   
177 1770 0.18351133887573812 7.961933027381942 38870.666666666664 4.2638000000000000e+04 45670.0 47135.333333333336   
178 1780 0.17529210094006678 7.958067954162252 38870.666666666664 4.3268000000000000e+04 44306.0 45767.333333333336   
179 1790 0.165857556835993 7.876762089328428 38870.666666666664 4.2894666666666664e+04 44386.666666666664 45706.0   
180 1800 0.16265954723679027 7.979182596682695 38870.666666666664 4.3950666666666664e+04 45232.0 46247.333333333336   
181 1810 0.1765505188660233 8.225543104440632 38870.666666666664 4.0844000000000000e+04 44196.666666666664 46467.333333333336   
182 1820 0.171937501650831 8.621991181430431 38870.666666666664 4.2101333333333336e+04 43852.666666666664 46533.333333333336   
183 1830 0.16865651379212937 8.48306517460488 38870.666666666664 4.2616000000000000e+04 44221.333333333336 45667.333333333336   
184 1840 0.1650498590945289 8.512045898943365 38870.666666666664 4.1860666666666664e+04 44824.0 46757.333333333336   
185 1850 0.16520382112974974 8.6265071771271 38870.666666666664 4.2332000000000000e+04 44202.0 45624.0   
186 1860 0.15974119981419518 8.587933024074838 38870.666666666664 4.2642000000000000e+04 44400.0 45105.333333333336   
187 1870 0.17317712223613685 8.67153293732538 38870.666666666664 4.1738000000000000e+04 44686.666666666664 47962.0   
188 1880 0.17543770133750886 8.955640797632165 38870.666666666664 4.3680000000000000e+04 44810.666666666664 46504.0   
189 1890 0.17127837976593763 9.394507526903297 38870.666666666664 4.2675333333333336e+04 44388.666666666664 45081.333333333336   
190 1900 0.14704653084749228 9.356957834010645 38870.666666666664 4.2750666666666664e+04 44424.0 46557.333333333336   
191 1910 0.14203974717965015 9.429821543599127 38870.666666666664 4.1646000000000000e+04 44300.0 46494.0   
192 1920 0.14018767327406723 9.692208321770854 38870.666666666664 4.0744666666666664e+04 44822.0 46272.666666666664   
193 1930 0.14620578624638167 9.798782208468682 38870.666666666664 4.2617333333333336e+04 45282.0 46468.666666666664   
194 1940 0.14785390364507636 9.896447718978152 38870.666666666664 4.3886000000000000e+04 45631.333333333336 46466.666666666664   
195 1950 0.14991100388714396 10.016533113219632 38870.666666666664 4.2880666666666664e+04 44242.0 46514.0   
196 1960 0.1381218290637476 10.125593017806672 38870.666666666664 4.2090666666666664e+04 45053.333333333336 45863.333333333336   
197 1970 0.13466788978699318 9.991985427248432 38870.666666666664 4.2279333333333336e+04 44448.0 46220.0   
198 1980 0.14014250462298064 9.850215559568056 38870.666666666664 4.1788000000000000e+04 44394.666666666664 46972.0   
199 1990 0.13778918795385478 9.706433490193017 38870.666666666664 4.3574666666666664e+04 44973.333333333336 45878.0   
200 2000 0.13346779601549766 10.094817496674883 38870.666666666664 4.2943333333333336e+04 44410.0 45564.666666666664   
201 2010 0.1389237248283143 10.184968528181606 38870.666666666664 4.2786666666666664e+04 45088.0 45713.333333333336   
202 2020 0.15283030196363148 10.21682117214657 38870.666666666664 4.0870000000000000e+04 44045.333333333336 46764.0   
203 2030 0.15611259726952917 10.294398016496476 38870.666666666664 4.2434666666666664e+04 43581.333333333336 47072.0   
204 2040 0.15954649457082748 10.217396428513027 38870.666666666664 4.3732666666666664e+04 44676.0 45731.333333333336   
205 2050 0.15322486179399436 10.541061713220401 38870.666666666664 4.3131333333333336e+04 44499.333333333336 45748.666666666664   
206 2060 0.1420875146582912 10.99664259886933 38870.666666666664 4.2682000000000000e+04 45056.0 45926.666666666664   
207 2070 0.13302881144087683 11.17780701080422 38870.666666666664 4.3420666666666664e+04 44170.0 45633.333333333336   
208 2080 0.1260204607641327 11.251004806739271 38870.666666666664 4.3269333333333336e+04 44756.0 47363.333333333336   
209 2090 0.12448540346933701 11.155638281784816 38870.666666666664 4.2900666666666664e+04 45038.666666666664 46854.666666666664   
210 2100 0.12452831044066552 11.136275469700243 38870.666666666664 4.2862666666666664e+04 44928.666666666664 45898.0   
211 2110 0.1299481791343927 10.95690975784407 38870.666666666664 4.3256666666666664e+04 44597.333333333336 45672.0   
212 2120 0.12682605009892606 10.717752044150544 38870.666666666664 4.0450666666666664e+04 44850.666666666664 46249.333333333336   
213 2130 0.11772615666543533 10.68151054139539 38870.666666666664 4.1556666666666664e+04 43731.333333333336 46477.333333333336   
214 2140 0.11689543302840578 10.716814231057128 38870.666666666664 4.2529333333333336e+04 45210.666666666664 46578.0   
215 2150 0.11056345157642372 10.835598389899374 38870.666666666664 4.1548000000000000e+04 44987.333333333336 46561.333333333336   
216 2160 0.10123297874226889 11.243893809213724 38870.666666666664 4.0778666666666664e+04 44048.666666666664 46731.333333333336   
217 2170 0.0937327753901536 11.42768655597615 38870.666666666664 4.3843333333333336e+04 45076.666666666664 46457.333333333336   
218 2180 0.0940644986371216 11.29498210112614 38870.666666666664 4.2605333333333336e+04 44149.333333333336 46527.333333333336   
219 2190 0.0951581938918888 10.945462144935098 38870.666666666664 4.2168666666666664e+04 44157.333333333336 45309.333333333336   
220 2200 0.09596862653301215 11.082685597487972 38870.666666666664 4.2384000000000000e+04 43451.333333333336 45606.666666666664   
221 2210 0.08637545832653588 10.981274802214557 38870.666666666664 4.3644000000000000e+04 44621.333333333336 45918.666666666664   
222 2220 0.08721898587845824 11.283024110035157 38870.666666666664 4.2521333333333336e+04 45586.666666666664 46582.0   
223 2230 0.0832930323495165 11.355830609363737 38870.666666666664 4.2506000000000000e+04 44467.333333333336 45936.666666666664   
224 2240 0.08019596496340527 11.622948808413057 38870.666666666664 4.2961333333333336e+04 44224.666666666664 45832.0   
225 2250 0.07583249790448024 11.93894392970546 38870.666666666664 4.2318666666666664e+04 44406.666666666664 47804.666666666664   
226 2260 0.0701393126729604 12.263628183998234 38870.666666666664 4.2110000000000000e+04 45604.666666666664 46441.333333333336   
227 2270 0.06950495262412014 12.53475255692801 38870.666666666664 4.2842666666666664e+04 45024.666666666664 46318.666666666664   
228 2280 0.07082425643949909 13.082052892039506 38870.666666666664 4.2252666666666664e+04 45246.666666666664 47428.0   
229 2290 0.06894898776745896 13.442617140205792 38870.666666666664 4.0468666666666664e+04 45074.0 47410.0   
230 2300 0.07003166331954198 13.422804113913447 38870.666666666664 4.2099333333333336e+04 45078.0 46474.666666666664   
231 2310 0.06667804725970213 13.788398036264214 38870.666666666664 4.1137333333333336e+04 44568.0 46956.0   
232 2320 0.06046159584475803 13.679575686118403 38870.666666666664 4.2289333333333336e+04 45024.666666666664 45561.333333333336   
233 2330 0.061782404887230184 14.14183437039584 38870.666666666664 4.0148000000000000e+04 43849.333333333336 46000.666666666664   
234 2340 0.06439804668591881 14.07395938546715 38870.666666666664 4.3591333333333336e+04 45394.0 46483.333333333336   
235 2350 0.06545989565538933 13.137860462222887 38870.666666666664 4.1641333333333336e+04 44184.0 46506.0   
236 2360 0.06488803284126876 13.724722273700394 38870.666666666664 4.1742000000000000e+04 44419.333333333336 45760.0   
237 2370 0.06072862942161183 13.180231964084951 38870.666666666664 4.2988000000000000e+04 45356.0 46442.0   
238 2380 0.0574572516685132 13.201046948381983 38870.666666666664 4.2894666666666664e+04 45148.0 46760.666666666664   
239 2390 0.0650070294969858 13.127814342574295 38870.666666666664 4.3064000000000000e+04 45170.666666666664 47100.666666666664   
240 2400 0.06822676081966379 13.203048174132334 38870.666666666664 4.3048666666666664e+04 45159.333333333336 46344.0   
241 2410 0.07294508142878506 13.555116753024253 38870.666666666664 4.3365333333333336e+04 44096.0 46272.0   
242 2420 0.07655983858244729 13.435430007614498 38870.666666666664 4.2094666666666664e+04 44156.0 45909.333333333336   
243 2430 0.07631369074687801 13.828610696889426 38870.666666666664 4.1208666666666664e+04 44998.666666666664 46886.0   
244 2440 0.06924722412333191 14.401588194795286 38870.666666666664 4.3158000000000000e+04 44428.0 46795.333333333336   
245 2450 0.06504081218474875 15.052659402028366 38870.666666666664 4.3466000000000000e+04 45340.666666666664 46550.0   
246 2460 0.0640889466218353 15.210672372598427 38870.666666666664 4.3138000000000000e+04 44808.666666666664 46014.0   
247 2470 0.06267272761442581 15.928485950045703 38870.666666666664 4.2913333333333336e+04 44473.333333333336 46693.333333333336   
248 2480 0.06682498965703554 16.102350915759033 38870.666666666664 4.2650000000000000e+04 44210.0 45143.333333333336   
249 2490 0.06966394900330983 16.814422309237884 38870.666666666664 4.2814000000000000e+04 44972.0 46404.666666666664   
250 2500 0.07213607465879915 16.53682281742056 38870.666666666664 4.1992000000000000e+04 44531.333333333336 45302.666666666664   
251 2510 0.07312726834279869 17.445580663420905 38870.666666666664 4.1347333333333336e+04 44196.666666666664 46657.333333333336   
252 2520 0.07153343172275825 17.867748997565474 38870.666666666664 4.3630666666666664e+04 45209.333333333336 47110.666666666664   
253 2530 0.06829721112877082 18.30624568110403 38870.666666666664 4.3058000000000000e+04 44818.666666666664 45884.0   
254 2540 0.06980014459978107 18.48353763532702 38870.666666666664 4.3958000000000000e+04 45245.333333333336 45922.0   
255 2550 0.06781861330022339 17.93470712100449 38870.666666666664 4.2865333333333336e+04 44786.0 45638.666666666664   
256 2560 0.0697121885892271 17.552157558411103 38870.666666666664 4.2352666666666664e+04 44968.0 47772.0   
257 2570 0.06930788854261312 17.88821946992182 38870.666666666664 4.1568666666666664e+04 44867.333333333336 45911.333333333336   
258 2580 0.07185551880088878 18.411519294019108 38870.666666666664 4.3420000000000000e+04 44760.0 45888.666666666664   
259 2590 0.07199815653088845 18.851756032894496 38870.666666666664 4.3477333333333336e+04 44557.333333333336 47361.333333333336   
260 2600 0.07387277649093335 18.82884114551462 38870.666666666664 4.3012000000000000e+04 45089.333333333336 46784.666666666664   
261 2610 0.0749550220373611 20.138569000230333 38870.666666666664 4.2804666666666664e+04 44771.333333333336 46052.0   
262 2620 0.07559423356084242 20.289954974532673 38870.666666666664 4.3094000000000000e+04 45105.333333333336 47128.0   
263 2630 0.07288590066795127 20.634102581463225 38870.666666666664 4.2738666666666664e+04 44780.0 46730.666666666664   
264 2640 0.07308734583773716 20.8785092528002 38870.666666666664 4.2033333333333336e+04 45452.666666666664 46034.666666666664   
265 2650 0.07452218798856003 21.300009471346883 38870.666666666664 4.2815333333333336e+04 44019.333333333336 47126.666666666664   
266 2660 0.07516408270623902 22.059053069989023 38870.666666666664 4.3312666666666664e+04 44964.0 47934.666666666664   
267 2670 0.0759330900989071 21.804737331323995 38870.666666666664 4.2931333333333336e+04 44400.666666666664 45855.333333333336   
268 2680 0.07974182602093187 21.04584096629417 38870.666666666664 4.2288666666666664e+04 44248.0 46492.0   
269 2690 0.08211106586520653 21.065977478664678 38870.666666666664 4.2047333333333336e+04 44252.0 45880.0   
270 2700 0.08774585372437728 21.495423430192712 38870.666666666664 4.2397333333333336e+04 45896.0 46598.0   
271 2710 0.08861828332277766 21.748626987258724 38870.666666666664 4.2382000000000000e+04 45430.666666666664 46498.0   
272 2720 0.08161702318251618 21.71385138955418 38870.666666666664 4.2869333333333336e+04 45304.666666666664 46489.333333333336   
273 2730 0.07883025399978971 21.977090460430258 38870.666666666664 4.3727333333333336e+04 45472.666666666664 46708.0   
274 2740 0.08121135693849146 22.012909652532006 38870.666666666664 4.3589333333333336e+04 45170.0 47328.0   
275 2750 0.07668522510658747 22.05890142091783 38870.666666666664 4.2348000000000000e+04 44786.666666666664 46506.666666666664   
276 2760 0.07442373964272053 21.88678472154402 38870.666666666664 4.0857333333333336e+04 44407.333333333336 47162.0   
277 2770 0.07568251458884888 21.96224043917789 38870.666666666664 4.4438666666666664e+04 45148.666666666664 46782.666666666664   
278 2780 0.07652891385727262 21.565954802342787 38870.666666666664 4.2681333333333336e+04 45069.333333333336 45606.666666666664   
279 2790 0.08210396485801083 21.586854218982324 38870.666666666664 4.3504666666666664e+04 44278.666666666664 47244.666666666664   
280 2800 0.08384528591042438 22.912944370456934 38870.666666666664 4.1406000000000000e+04 44786.0 45902.666666666664   
281 2810 0.0819903978909465 23.08986345152485 38870.666666666664 4.3194000000000000e+04 45026.0 47216.0   
282 2820 0.07831228903579644 24.352479982950243 38870.666666666664 4.2752666666666664e+04 45176.666666666664 46693.333333333336   
283 2830 0.08194154398851908 24.319901138028623 38870.666666666664 4.2606000000000000e+04 44430.666666666664 46264.0   
284 2840 0.08816270512054443 24.099190538610365 38870.666666666664 4.2952666666666664e+04 44688.666666666664 46689.333333333336   
285 2850 0.08667725451248784 25.84516965741804 38870.666666666664 4.2027333333333336e+04 44291.333333333336 46512.0   
286 2860 0.08583341837665756 26.648564155446696 38870.666666666664 4.2880000000000000e+04 45005.333333333336 45706.0   
287 2870 0.09324469296625397 26.438670889599937 38870.666666666664 4.2688000000000000e+04 44888.0 46128.0   
288 2880 0.09579244116970653 27.29748878157806 38870.666666666664 4.0196666666666664e+04 45092.666666666664 46640.666666666664   
289 2890 0.08854040242093772 26.857693857806023 38870.666666666664 4.2615333333333336e+04 44161.333333333336 47084.666666666664   
290 2900 0.08162845992200643 27.171137660907178 38870.666666666664 4.2316666666666664e+04 44146.0 46517.333333333336   
291 2910 0.08667589032204231 27.44196822550347 38870.666666666664 4.2484666666666664e+04 44768.0 45903.333333333336   
292 2920 0.08907696258645495 28.067835515115906 38870.666666666664 4.1768000000000000e+04 44497.333333333336 46140.0   
293 2930 0.08863957612713558 28.59286804065734 38870.666666666664 4.2643333333333336e+04 44268.666666666664 45689.333333333336   
294 2940 0.09362262494911607 28.456618747396032 38870.666666666664 4.2994666666666664e+04 44976.0 46762.666666666664   
295 2950 0.09411467693162559 27.652957079658908 38870.666666666664 4.2326666666666664e+04 44792.666666666664 46285.333333333336   
296 2960 0.09828631081373108 27.80683679131925 38870.666666666664 4.1817333333333336e+04 43760.666666666664 46537.333333333336   
297 2970 0.10529664248165671 28.153892450300656 38870.666666666664 4.2700000000000000e+04 44271.333333333336 46290.0   
298 2980 0.10523530282611598 31.091640645091967 38870.666666666664 4.2381333333333336e+04 44954.666666666664 46272.666666666664   
299 2990 0.10328391906184337 32.690274565778665 38870.666666666664 4.1352666666666664e+04 45004.0 46558.0   
300 3000 0.10017562114556398 33.51166513273496 38870.666666666664 4.2958000000000000e+04 45099.333333333336 47228.666666666664   
301 3010 0.0962201764773409 33.090588586629025 38870.666666666664 4.0710666666666664e+04 45153.333333333336 46876.666666666664   
302 3020 0.08354070234768773 31.985921222948857 38870.666666666664 4.3552000000000000e+04 45050.666666666664 45855.333333333336   
303 3030 0.08381984621120525 33.04714198145898 38870.666666666664 4.1336000000000000e+04 44987.333333333336 47364.666666666664   
304 3040 0.08958049046813621 34.225886492745595 38870.666666666664 4.1534666666666664e+04 44298.666666666664 46450.0   
305 3050 0.0904562207066479 34.67646968478744 38870.666666666664 4.2380000000000000e+04 44118.0 45909.333333333336   
306 3060 0.09165927820941958 34.61714843373964 38870.666666666664 4.3524666666666664e+04 44468.0 45682.0   
307 3070 0.09095222072607094 35.15284806517811 38870.666666666664 4.3450666666666664e+04 44798.666666666664 47414.666666666664   
308 3080 0.08145455662671694 33.980808613466955 38870.666666666664 4.3220000000000000e+04 44938.0 47836.666666666664   
309 3090 0.07900773542372587 34.16061581997283 38870.666666666664 4.2868666666666664e+04 44145.333333333336 45579.333333333336   
310 3100 0.0827270034340292 33.84551646183696 38870.666666666664 4.3752666666666664e+04 45094.0 47398.0   
311 3110 0.0850763152291056 33.078270350963706 38870.666666666664 4.2191333333333336e+04 44201.333333333336 45788.666666666664   
312 3120 0.0841549976750411 32.85371384126853 38870.666666666664 4.3450666666666664e+04 45346.0 47246.666666666664   
313 3130 0.0826807985473481 33.66312284709339 38870.666666666664 4.2438666666666664e+04 45128.0 47023.333333333336   
314 3140 0.07909831969518664 33.30652927172786 38870.666666666664 4.2664000000000000e+04 44815.333333333336 46757.333333333336   
315 3150 0.0808603438465682 32.448004387397866 38870.666666666664 4.3764000000000000e+04 45561.333333333336 46770.0   
316 3160 0.07567535695404727 32.14809246374982 38870.666666666664 4.1680666666666664e+04 44744.0 46310.0   
317 3170 0.07039048867064507 32.475975978785755 38870.666666666664 4.2066000000000000e+04 45690.666666666664 47170.0   
318 3180 0.06832447782791323 33.91731501439497 38870.666666666664 4.3276000000000000e+04 44024.666666666664 45706.666666666664   
319 3190 0.06466448607819439 34.50942970468452 38870.666666666664 4.2512000000000000e+04 44028.666666666664 45896.666666666664   
320 3200 0.059110431474222 34.7807719957594 38870.666666666664 4.2348000000000000e+04 45136.0 45867.333333333336   
321 3210 0.05924468601783819 35.223671913568644 38870.666666666664 4.2228000000000000e+04 44712.0 47136.0   
322 3220 0.05567834286556438 34.640238529196374 38870.666666666664 4.3073333333333336e+04 44791.333333333336 45224.0   
323 3230 0.05945157472009071 34.90667710033508 38870.666666666664 4.2468666666666664e+04 43728.666666666664 45900.0   
324 3240 0.06865491605799476 35.92404780404089 38870.666666666664 4.2305333333333336e+04 44542.0 46214.0   
325 3250 0.07290133072301426 36.758799544963104 38870.666666666664 4.2445333333333336e+04 45285.333333333336 47733.333333333336   
326 3260 0.07909033099426277 36.07181981025721 38870.666666666664 4.3555333333333336e+04 44268.0 45966.0   
327 3270 0.07264792027567119 35.81334548314535 38870.666666666664 4.0570000000000000e+04 44256.666666666664 45646.666666666664   
328 3280 0.07110478036744952 34.850751005147494 38870.666666666664 4.3042666666666664e+04 45656.666666666664 47198.666666666664   
329 3290 0.0695739475637339 34.377737899194116 38870.666666666664 4.3572000000000000e+04 44498.666666666664 46624.0   
330 3300 0.06926414954641068 35.09957300211267 38870.666666666664 4.3763333333333336e+04 45234.0 46284.0   
331 3310 0.06952193639953576 35.35293585046544 38870.666666666664 4.2582000000000000e+04 44507.333333333336 47125.333333333336   
332 3320 0.0655366816102307 35.47314959146373 38870.666666666664 4.3296666666666664e+04 44401.333333333336 46862.0   
333 3330 0.06438516626126575 35.063191127564785 38870.666666666664 4.2412000000000000e+04 44847.333333333336 46763.333333333336   
334 3340 0.062120416899691534 33.74201744085443 38870.666666666664 4.1568000000000000e+04 44773.333333333336 46446.0   
335 3350 0.05839179650087531 34.49186003003014 38870.666666666664 4.2243333333333336e+04 45075.333333333336 47400.0   
336 3360 0.05931790670662487 33.51059988173446 38870.666666666664 4.0647333333333336e+04 44376.0 46447.333333333336   
337 3370 0.058100119108753116 32.96530024054957 38870.666666666664 4.2580000000000000e+04 44456.666666666664 46658.0   
338 3380 0.055518643112527806 32.64966193624348 38870.666666666664 4.2883333333333336e+04 44447.333333333336 46212.0   
339 3390 0.05301340829934688 31.958240860158774 38870.666666666664 4.3097333333333336e+04 45242.666666666664 47696.666666666664   
340 3400 0.050816972333184586 31.87366088235082 38870.666666666664 4.3094666666666664e+04 45044.0 46730.0   
341 3410 0.04786560544937447 32.22436989050043 38870.666666666664 4.2471333333333336e+04 44444.666666666664 46444.0   
342 3420 0.043552226039642934 32.09792866258454 38870.666666666664 4.2891333333333336e+04 44785.333333333336 45882.666666666664   
343 3430 0.03998497145692204 32.659281267650826 38870.666666666664 4.2483333333333336e+04 44120.666666666664 46573.333333333336   
344 3440 0.03808898583958723 32.88202404785721 38870.666666666664 4.2944000000000000e+04 44805.333333333336 45625.333333333336   
345 3450 0.040576669235148015 32.569685085246114 38870.666666666664 4.0332000000000000e+04 44404.0 45639.333333333336   
346 3460 0.03774471054108364 32.828563085660896 38870.666666666664 4.2639333333333336e+04 44921.333333333336 45408.666666666664   
347 3470 0.036930072514930704 33.17558281395645 38870.666666666664 4.2964000000000000e+04 45302.0 46528.666666666664   
348 3480 0.03493989443440575 32.5114250834742 38870.666666666664 4.1403333333333336e+04 44171.333333333336 46359.333333333336   
349 3490 0.038169367628598995 32.78987299821488 38870.666666666664 4.2032000000000000e+04 43867.333333333336 45643.333333333336   
350 3500 0.037476864522399164 32.424124314949594 38870.666666666664 4.3326666666666664e+04 44859.333333333336 46577.333333333336   
351 3510 0.035074770918681546 31.650092564517557 38870.666666666664 4.2276666666666664e+04 44145.333333333336 45076.0   
352 3520 0.03530431288075807 31.016786644493536 38870.666666666664 4.2643333333333336e+04 45119.333333333336 46464.0   
353 3530 0.035357689118703454 32.15039865845344 38870.666666666664 4.4604000000000000e+04 45625.333333333336 47148.0   
354 3540 0.03607454419093916 31.735517853301094 38870.666666666664 4.2906666666666664e+04 44023.333333333336 46505.333333333336   
355 3550 0.03619861146095976 31.661454071529455 38870.666666666664 4.4066666666666664e+04 44677.333333333336 47138.0   
356 3560 0.03592437782945108 33.230765945251726 38870.666666666664 4.0854666666666664e+04 44182.0 46586.0   
357 3570 0.03464248195468413 34.762423818945045 38870.666666666664 4.2750666666666664e+04 44414.666666666664 45617.333333333336   
358 3580 0.03487125522441294 34.6310312848636 38870.666666666664 4.3333333333333336e+04 44778.666666666664 46876.0   
359 3590 0.035847844710718335 35.605882982479336 38870.666666666664 4.0501333333333336e+04 44775.333333333336 47114.0   
360 3600 0.036991971736464485 37.03648109590152 38870.666666666664 4.1294000000000000e+04 44126.666666666664 44696.0   
361 3610 0.038044511873894384 36.430106218106715 38870.666666666664 4.2006000000000000e+04 44828.666666666664 47150.666666666664   
362 3620 0.037396640966460795 37.76536664616575 38870.666666666664 4.2742000000000000e+04 44584.666666666664 47499.333333333336   
363 3630 0.037098277376857544 39.59803829157167 38870.666666666664 4.2730000000000000e+04 44422.666666666664 45220.666666666664   
364 3640 0.03831954975026168 39.03540343100634 38870.666666666664 4.0633333333333336e+04 44150.0 46498.666666666664   
365 3650 0.04051656099770154 39.35868369629599 38870.666666666664 4.3594000000000000e+04 44804.666666666664 45856.666666666664   
366 3660 0.03863132803838469 41.60146697531712 38870.666666666664 4.0802000000000000e+04 44710.0 47128.666666666664   
367 3670 0.036994952671466116 41.12304865999191 38870.666666666664 4.2162666666666664e+04 44784.0 45773.333333333336   
368 3680 0.03915814044704172 40.913701326880165 38870.666666666664 4.3488000000000000e+04 45033.333333333336 45695.333333333336   
369 3690 0.039133211427873245 42.422835887860614 38870.666666666664 4.2640666666666664e+04 44876.0 46459.333333333336   
370 3700 0.03657107042760398 43.195380088591506 38870.666666666664 4.3319333333333336e+04 44698.0 46250.666666666664   
371 3710 0.03451004462622705 44.68236284139441 38870.666666666664 4.2636666666666664e+04 44408.666666666664 46448.666666666664   
372 3720 0.03368265946382264 46.7688575740042 38870.666666666664 4.2805333333333336e+04 44520.0 45646.666666666664   
373 3730 0.03304301720722073 45.959124844329395 38870.666666666664 4.3148666666666664e+04 44187.333333333336 47063.333333333336   
374 3740 0.036017318862045414 46.0454830277407 38870.666666666664 4.2283333333333336e+04 43249.333333333336 45029.333333333336   
375 3750 0.03616766552118595 46.33841387267436 38870.666666666664 4.2360000000000000e+04 44206.0 46404.0   
376 3760 0.03583759044605463 46.867498680690886 38870.666666666664 4.2496666666666664e+04 45108.0 46513.333333333336   
377 3770 0.037515196874552154 45.59459471770426 38870.666666666664 4.2280666666666664e+04 45023.333333333336 46302.666666666664   
378 3780 0.03678279151998327 44.63226227825803 38870.666666666664 4.3128666666666664e+04 45272.0 47238.0   
379 3790 0.0379100505508428 44.90231126416314 38870.666666666664 4.3585333333333336e+04 45252.0 46438.666666666664   
380 3800 0.04309935927149268 44.94574174924078 38870.666666666664 4.3574666666666664e+04 45200.666666666664 46002.0   
381 3810 0.04565214096551923 45.050904498454415 38870.666666666664 4.2124000000000000e+04 44294.0 45880.0   
382 3820 0.04640977473504625 44.588643150119495 38870.666666666664 4.0696000000000000e+04 44259.333333333336 46179.333333333336   
383 3830 0.04553682158728844 49.72501222826522 38870.666666666664 4.3834000000000000e+04 45815.333333333336 46508.0   
384 3840 0.047594719793116434 51.15170117488445 38870.666666666664 4.3625333333333336e+04 44381.333333333336 45072.666666666664   
385 3850 0.04818427340430866 51.202226557982115 38870.666666666664 4.2581333333333336e+04 44206.666666666664 45899.333333333336   
386 3860 0.04815702713016023 50.20441233038519 38870.666666666664 4.1512000000000000e+04 44552.666666666664 45296.0   
387 3870 0.04319119626117916 50.48990327464574 38870.666666666664 4.2107333333333336e+04 44424.0 46006.666666666664   
388 3880 0.03640604703368576 51.49668255513858 38870.666666666664 4.2270666666666664e+04 44818.666666666664 45518.0   
389 3890 0.03365434518194379 49.90479266403339 38870.666666666664 4.2578666666666664e+04 44874.0 46179.333333333336   
390 3900 0.03066065419140042 50.56699163497987 38870.666666666664 4.3454000000000000e+04 45584.0 47117.333333333336   
391 3910 0.028257308723652043 50.965227154670586 38870.666666666664 4.3560666666666664e+04 45190.666666666664 46488.666666666664   
392 3920 0.02711900545715941 51.51725145911192 38870.666666666664 4.2988000000000000e+04 45613.333333333336 46620.0   
393 3930 0.026948749139948446 54.33401878957379 38870.666666666664 4.2710000000000000e+04 44576.666666666664 46147.333333333336   
394 3940 0.029175687988333185 56.65204226924985 38870.666666666664 4.2402666666666664e+04 44502.666666666664 45637.333333333336   
395 3950 0.02752183410468225 58.6526566158605 38870.666666666664 4.1558000000000000e+04 43987.333333333336 46488.666666666664   
396 3960 0.02846370041642825 57.695330647300494 38870.666666666664 4.2458000000000000e+04 45032.666666666664 46783.333333333336   
397 3970 0.028254360718617366 58.2303231241584 38870.666666666664 4.2298666666666664e+04 44226.666666666664 47434.666666666664   
398 3980 0.027121208758321788 57.339139463200965 38870.666666666664 4.2325333333333336e+04 44441.333333333336 45749.333333333336   
399 3990 0.02555574610314031 57.793920297456125 38870.666666666664 4.0521333333333336e+04 43705.333333333336 45620.0   
400 4000 0.025717059003569975 58.071387006498114 38870.666666666664 4.2378000000000000e+04 45094.0 46256.0   
401 4010 0.025085019502551938 58.88762111651818 38870.666666666664 4.2722666666666664e+04 45202.0 47260.0   
402 4020 0.025688881288028743 56.21945103639823 38870.666666666664 4.2931333333333336e+04 45123.333333333336 46727.333333333336   
403 4030 0.02319687542781216 54.82334269285479 38870.666666666664 4.3325333333333336e+04 44514.0 47160.0   
404 4040 0.021503596513629944 52.95489846766919 38870.666666666664 4.0796000000000000e+04 44505.333333333336 46498.0   
405 4050 0.01952571589000502 53.08124188103922 38870.666666666664 4.1670000000000000e+04 45294.0 45906.0   
406 4060 0.01887085993455491 53.34615791028638 38870.666666666664 4.2784000000000000e+04 44911.333333333336 46746.666666666664   
407 4070 0.018719380201461164 53.97836710658117 38870.666666666664 4.2430666666666664e+04 44428.666666666664 45629.333333333336   
408 4080 0.01805068025642586 54.67824923219925 38870.666666666664 4.2692000000000000e+04 44570.0 46445.333333333336   
409 4090 0.016594036299177838 56.01531594725284 38870.666666666664 4.2809333333333336e+04 44579.333333333336 46579.333333333336   
410 4100 0.016644528301983135 57.79127053205229 38870.666666666664 4.2204666666666664e+04 44395.333333333336 46207.333333333336   
411 4110 0.01597377170991594 59.06483303732079 38870.666666666664 4.0134666666666664e+04 44398.0 47138.666666666664   
412 4120 0.016443909091576912 59.45927796294801 38870.666666666664 4.2703333333333336e+04 44171.333333333336 45620.666666666664   
413 4130 0.016193568827707394 63.551634706097424 38870.666666666664 4.2890000000000000e+04 44784.666666666664 47546.0   
414 4140 0.01514504304936919 61.323470914759504 38870.666666666664 4.3458666666666664e+04 44816.0 45960.666666666664   
415 4150 0.014720746049909415 61.97979885981992 38870.666666666664 4.2538000000000000e+04 45314.0 46462.666666666664   
416 4160 0.014460420947824426 58.572391250086206 38870.666666666664 4.1027333333333336e+04 44875.333333333336 45533.333333333336   
417 4170 0.013779128882927854 58.49001677668312 38870.666666666664 4.2224666666666664e+04 43736.0 44874.0   
418 4180 0.013206398339717231 58.71544316320322 38870.666666666664 4.2093333333333336e+04 44486.666666666664 46473.333333333336   
419 4190 0.01195201467596696 60.372744384196444 38870.666666666664 4.2880000000000000e+04 45076.0 45740.666666666664   
420 4200 0.011523222781741014 61.26668938730613 38870.666666666664 4.2272666666666664e+04 43525.333333333336 46601.333333333336   
421 4210 0.011758072003150766 64.33820442225924 38870.666666666664 4.1253333333333336e+04 45108.0 45396.666666666664   
422 4220 0.011748322345581626 62.974362384894924 38870.666666666664 4.2776000000000000e+04 44440.666666666664 46467.333333333336   
423 4230 0.011841811008063094 63.46881507581016 38870.666666666664 4.1319333333333336e+04 44962.666666666664 46742.0   
424 4240 0.012061457464386768 65.89485146373778 38870.666666666664 4.2445333333333336e+04 43698.0 46611.333333333336   
425 4250 0.012037423759931432 66.62824920462239 38870.666666666664 4.1032666666666664e+04 44298.666666666664 45890.0   
426 4260 0.0130356790693105 68.09998934336477 38870.666666666664 4.4267333333333336e+04 45717.333333333336 47147.333333333336   
427 4270 0.013101965988885045 69.37707295836834 38870.666666666664 4.3552000000000000e+04 43829.333333333336 45875.333333333336   
428 4280 0.012013154903783192 69.11844960337365 38870.666666666664 4.3072666666666664e+04 45584.0 45865.333333333336   
429 4290 0.01227459808518264 70.78058824622867 38870.666666666664 4.2893333333333336e+04 44852.666666666664 45891.333333333336   
430 4300 0.013595152391875259 69.79883579054562 38870.666666666664 4.2540000000000000e+04 44140.666666666664 46674.666666666664   
431 4310 0.015037135074685059 69.90207893198205 38870.666666666664 4.3062000000000000e+04 45084.0 46455.333333333336   
432 4320 0.014963706117344499 71.04856491468126 38870.666666666664 4.2566666666666664e+04 44914.0 46439.333333333336   
433 4330 0.015011596980819011 71.43298799086978 38870.666666666664 4.3348666666666664e+04 44307.333333333336 46467.333333333336   
434 4340 0.015332972847004099 71.69876677282511 38870.666666666664 4.2869333333333336e+04 45172.666666666664 46489.333333333336   
435 4350 0.016158643489567692 71.79341154096514 38870.666666666664 4.3238000000000000e+04 45110.0 46481.333333333336   
436 4360 0.015360606828858306 72.13834127104424 38870.666666666664 4.3386666666666664e+04 44535.333333333336 45540.0   
437 4370 0.014518754997782568 75.11385886557296 38870.666666666664 4.1655333333333336e+04 44407.333333333336 46468.666666666664   
438 4380 0.013419542950810078 75.4405072340621 38870.666666666664 4.2968666666666664e+04 45088.666666666664 46328.0   
439 4390 0.01300927637085766 77.65856184887326 38870.666666666664 4.1462666666666664e+04 44418.0 46054.0   
440 4400 0.013066380980633627 76.46744845897777 38870.666666666664 3.9861333333333336e+04 44980.666666666664 46778.666666666664   
441 4410 0.012948543345844141 76.75980091914154 38870.666666666664 4.1728666666666664e+04 44336.0 46472.666666666664   
442 4420 0.012817132839131088 77.86482401428292 38870.666666666664 4.3202666666666664e+04 44454.0 44762.666666666664   
443 4430 0.011980447470052289 79.41038960637347 38870.666666666664 4.2720666666666664e+04 44913.333333333336 47189.333333333336   
444 4440 0.011792519714334794 76.81047769033881 38870.666666666664 4.2253333333333336e+04 43736.666666666664 45185.333333333336   
445 4450 0.01208461863189003 80.2054254230882 38870.666666666664 4.1873333333333336e+04 44398.666666666664 45785.333333333336   
446 4460 0.01227452470160599 81.6147484585491 38870.666666666664 4.2667333333333336e+04 44391.333333333336 45586.0   
447 4470 0.012539422829148675 80.55692295005011 38870.666666666664 4.2930000000000000e+04 45546.666666666664 46402.666666666664   
448 4480 0.012791684691435446 81.9353303394355 38870.666666666664 4.3649333333333336e+04 44819.333333333336 45884.666666666664   
449 4490 0.012907916467444854 80.26783535073973 38870.666666666664 4.2299333333333336e+04 44047.333333333336 45592.0   
450 4500 0.014230825037348295 81.38080584035639 38870.666666666664 4.0452000000000000e+04 45910.666666666664 47142.666666666664   
451 4510 0.014736250785290181 81.7057120944009 38870.666666666664 4.2296000000000000e+04 44241.333333333336 47133.333333333336   
452 4520 0.015094055133931639 81.06735069423695 38870.666666666664 3.9497333333333336e+04 45031.333333333336 46474.666666666664   
453 4530 0.014214067718465211 85.19201467999356 38870.666666666664 4.3534666666666664e+04 45632.0 46311.333333333336   
454 4540 0.013039957171391453 84.7377619499069 38870.666666666664 4.3037333333333336e+04 44254.666666666664 47374.0   
455 4550 0.013104183635449214 83.8731745480607 38870.666666666664 4.1813333333333336e+04 44440.0 46493.333333333336   
456 4560 0.01309852942782542 84.61843662087755 38870.666666666664 4.2252000000000000e+04 44431.333333333336 46283.333333333336   
457 4570 0.01283806539676859 85.57592079961701 38870.666666666664 4.3144000000000000e+04 45059.333333333336 46582.0   
458 4580 0.011562368529532364 86.7605995026651 38870.666666666664 4.2932666666666664e+04 45650.666666666664 46743.333333333336   
459 4590 0.011105503232922743 86.6296542784418 38870.666666666664 4.2226666666666664e+04 44976.666666666664 47221.333333333336   
460 4600 0.011459208070617614 87.23053297307517 38870.666666666664 4.3026666666666664e+04 44812.666666666664 46980.0   
461 4610 0.011135448082462682 87.7447697828013 38870.666666666664 4.0824000000000000e+04 44422.0 46600.666666666664   
462 4620 0.010375277934309512 90.24907229942951 38870.666666666664 4.1594000000000000e+04 45046.0 46544.666666666664   
463 4630 0.009943000332503803 93.72962113444368 38870.666666666664 4.1983333333333336e+04 44104.0 45671.333333333336   
464 4640 0.009060874744150581 94.19109130081866 38870.666666666664 4.1828666666666664e+04 44554.0 45922.0   
465 4650 0.008453987380759063 92.10995555680468 38870.666666666664 4.2486666666666664e+04 44674.666666666664 45612.666666666664   
466 4660 0.008146273103336729 94.19403816696995 38870.666666666664 4.2540666666666664e+04 44401.333333333336 46348.0   
467 4670 0.008110567215781446 94.21623427610223 38870.666666666664 4.3457333333333336e+04 45600.0 45770.0   
468 4680 0.007887582242828173 97.8733835830106 38870.666666666664 4.2471333333333336e+04 44424.666666666664 45986.0   
469 4690 0.008022390234300783 89.73811855985966 38870.666666666664 4.2083333333333336e+04 44416.0 46483.333333333336   
470 4700 0.007872328133565133 88.41914712386613 38870.666666666664 4.2399333333333336e+04 44209.333333333336 45888.0   
471 4710 0.007510601958236851 89.89743326242531 38870.666666666664 4.0536000000000000e+04 45600.666666666664 46474.0   
472 4720 0.006766783337835063 87.5019381964836 38870.666666666664 4.1086666666666664e+04 43577.333333333336 45607.333333333336   
473 4730 0.00603586857488567 94.55181169117499 38870.666666666664 4.2066666666666664e+04 44219.333333333336 46259.333333333336   
474 4740 0.0058913565463345734 91.07544640352778 38870.666666666664 4.2496666666666664e+04 44552.666666666664 46480.666666666664   
475 4750 0.00624008087731775 92.0976707368978 38870.666666666664 4.2288000000000000e+04 44170.666666666664 45916.0   
476 4760 0.006638706239591344 96.766397630119 38870.666666666664 4.1794666666666664e+04 44401.333333333336 45710.666666666664   
477 4770 0.00705831706152944 97.59756017103042 38870.666666666664 4.3404666666666664e+04 45074.666666666664 46452.666666666664   
478 4780 0.00744361438423727 104.56580672015548 38870.666666666664 4.2782000000000000e+04 45368.0 47145.333333333336   
479 4790 0.007759153038602297 109.08439378629767 38870.666666666664 4.2389333333333336e+04 44490.666666666664 46273.333333333336   
480 4800 0.007996970122496165 112.91891241323897 38870.666666666664 4.2576000000000000e+04 45584.0 45889.333333333336   
481 4810 0.00822627650575201 113.31609221851105 38870.666666666664 4.2040666666666664e+04 45081.333333333336 45352.0   
482 4820 0.00823319802844057 110.94334898214531 38870.666666666664 4.1781333333333336e+04 43872.0 44949.333333333336   
483 4830 0.008610687245032733 109.92654844775473 38870.666666666664 4.3724666666666664e+04 45101.333333333336 45945.333333333336   
484 4840 0.008664910606507781 105.57378017156472 38870.666666666664 4.3314000000000000e+04 44774.666666666664 47126.0   
485 4850 0.008563207397592254 107.7076138287818 38870.666666666664 4.0902000000000000e+04 44836.666666666664 46792.666666666664   
486 4860 0.00950126883025601 105.96262099878643 38870.666666666664 4.2925333333333336e+04 44923.333333333336 45183.333333333336   
487 4870 0.011370339986000485 99.61256377291029 38870.666666666664 4.3516000000000000e+04 44792.0 45617.333333333336   
488 4880 0.011961717930214085 97.37151980881033 38870.666666666664 4.3331333333333336e+04 44769.333333333336 46826.0   
489 4890 0.01193281037365805 95.85800081621134 38870.666666666664 4.1160000000000000e+04 43881.333333333336 45891.333333333336   
490 4900 0.011399773005896901 95.0482455963121 38870.666666666664 4.1614000000000000e+04 45324.666666666664 47122.0   
491 4910 0.012863886324624608 93.73235684990688 38870.666666666664 4.3967333333333336e+04 44830.0 46573.333333333336   
492 4920 0.013433211508188353 101.3837915884377 38870.666666666664 4.2899333333333336e+04 44537.333333333336 45228.0   
493 4930 0.013053913054411757 100.26492740759352 38870.666666666664 4.3757333333333336e+04 44270.666666666664 47194.0   
494 4940 0.01235056619122044 101.68005548002142 38870.666666666664 4.3168000000000000e+04 44383.333333333336 45594.666666666664   
495 4950 0.010913817302914866 101.22003341614749 38870.666666666664 4.2599333333333336e+04 45081.333333333336 46450.0   
496 4960 0.010355634065828866 103.60630427742035 38870.666666666664 4.2738666666666664e+04 44380.0 45653.333333333336   
497 4970 0.01031251528599411 101.58026735858614 38870.666666666664 4.3353333333333336e+04 45197.333333333336 46193.333333333336   
498 4980 0.010458039517489194 101.82330982514571 38870.666666666664 4.3842666666666664e+04 45276.666666666664 46446.666666666664   
499 4990 0.010907616982475346 114.02598832777322 38870.666666666664 4.2500666666666664e+04 44780.0 46464.666666666664   
500 5000 0.010833637423371843 115.00897313818956 38870.666666666664 4.2924666666666664e+04 43602.0 46034.0   
501 5010 0.011046039393130758 118.90473793241101 38870.666666666664 4.2654000000000000e+04 44132.0 46251.333333333336   
502 5020 0.010829676824080092 124.22155558193651 38870.666666666664 4.2734000000000000e+04 44406.666666666664 46788.0   
503 5030 0.010387091481961954 127.65782575093384 38870.666666666664 4.0318000000000000e+04 44336.666666666664 47563.333333333336   
504 5040 0.009419024882202254 131.20342734877934 38870.666666666664 4.2967333333333336e+04 44696.0 46872.666666666664   
505 5050 0.009827630852851944 130.5485642773417 38870.666666666664 4.2712666666666664e+04 43748.666666666664 45078.0   
506 5060 0.010446782171462516 133.7325648623264 38870.666666666664 4.2127333333333336e+04 44787.333333333336 47150.0   
507 5070 0.011344535724640706 135.98582640850785 38870.666666666664 4.0574000000000000e+04 44926.0 47140.666666666664   
508 5080 0.01205416596416717 137.13571883831725 38870.666666666664 4.2740000000000000e+04 44120.666666666664 45002.0   
509 5090 0.011984597833784845 138.70561536322768 38870.666666666664 4.3178666666666664e+04 45623.333333333336 46470.666666666664   
510 5100 0.011758624717030394 142.42872691448002 38870.666666666664 4.2721333333333336e+04 44239.333333333336 45602.0   
511 5110 0.011471902403815596 148.04365774085767 38870.666666666664 4.2080000000000000e+04 44866.666666666664 45577.333333333336   
512 5120 0.011353850271675693 152.05457895267352 38870.666666666664 4.2651333333333336e+04 43858.666666666664 46688.666666666664   
513 5130 0.01113113395697468 149.9922255459302 38870.666666666664 4.1130000000000000e+04 44168.0 45661.333333333336   
514 5140 0.010909362473043614 144.92607758747377 38870.666666666664 4.1912666666666664e+04 44350.0 45560.0   
515 5150 0.010254646261380734 152.45303426862873 38870.666666666664 4.3498666666666664e+04 44948.666666666664 46630.666666666664   
516 5160 0.009110524751151726 152.08857473927102 38870.666666666664 4.0712000000000000e+04 45232.0 46305.333333333336   
517 5170 0.008889332777237701 149.92565992391337 38870.666666666664 4.2944000000000000e+04 44046.0 46432.0   
518 5180 0.008296494900847202 148.93525013596516 38870.666666666664 4.2908000000000000e+04 43788.666666666664 44441.333333333336   
519 5190 0.008988099132370623 155.21625736298617 38870.666666666664 4.3202666666666664e+04 45617.333333333336 47890.0   
520 5200 0.009021879688842927 154.7937504984997 38870.666666666664 4.0439333333333336e+04 44525.333333333336 47734.0   
521 5210 0.009683203899503785 153.7526890488797 38870.666666666664 4.2355333333333336e+04 44443.333333333336 45907.333333333336   
522 5220 0.009273442251040188 155.0518970388479 38870.666666666664 4.2454000000000000e+04 44946.0 46507.333333333336   
523 5230 0.008464260749018872 155.8707667000503 38870.666666666664 4.3722000000000000e+04 45092.666666666664 45646.666666666664   
524 5240 0.0077253192383653115 151.65203947021843 38870.666666666664 4.1104000000000000e+04 44233.333333333336 45754.666666666664   
525 5250 0.007961985455914014 151.97259592594588 38870.666666666664 4.2287333333333336e+04 44462.0 45696.666666666664   
526 5260 0.008335877030505166 151.64064227806674 38870.666666666664 4.2054000000000000e+04 45220.0 46520.0   
527 5270 0.007860223483455255 151.5884912657428 38870.666666666664 4.3402666666666664e+04 44914.666666666664 46260.0   
528 5280 0.008140335344779757 152.62395481418625 38870.666666666664 4.2052000000000000e+04 44508.666666666664 45873.333333333336   
529 5290 0.008765220019206498 150.3211470020578 38870.666666666664 4.2672666666666664e+04 45634.666666666664 46542.0   
530 5300 0.009039581913440299 143.37677054896895 38870.666666666664 4.1073333333333336e+04 44318.0 46556.0   
531 5310 0.01017087126198156 139.04731573084965 38870.666666666664 4.3968666666666664e+04 45041.333333333336 46746.666666666664   
532 5320 0.009916672628477854 144.48921902453063 38870.666666666664 4.1918666666666664e+04 44115.333333333336 45680.666666666664   
533 5330 0.009396875372452445 148.40067717956504 38870.666666666664 4.2612666666666664e+04 43734.0 45050.0   
